Datetime,P00001
202208150010,2.6806680000000003
202208150020,2.6799729104477614
202208150030,2.6790550746268655
202208150040,2.6779282835820895
202208150050,2.6765992537313434
202208150100,2.6750738805970147
202208150110,2.673359552238806
202208150120,2.6714652985074627
202208150130,2.669401641791045
202208150140,2.6671800746268657
202208150150,2.6648126119402984
202208150200,2.6623113432835823
202208150210,2.659687910447761
202208150220,2.656953208955224
202208150230,2.6541170149253728
202208150240,2.651187910447761
202208150250,2.6481730597014925
202208150300,2.645078582089552
202208150310,2.6419093283582087
202208150320,2.6386694776119404
202208150330,2.6353625373134326
202208150340,2.631991567164179
202208150350,2.628546310240964
202208150400,2.6250241716867473
202208150410,2.6214458584337352
202208150420,2.6178143825301206
202208150430,2.6141327560240963
202208150440,2.6104041415662653
202208150450,2.6066318524096386
202208150500,2.6028192771084337
202208150510,2.5989699548192773
202208150520,2.595087349397591
202208150530,2.5911749246987954
202208150540,2.587236219879518
202208150550,2.583274623493976
202208150600,2.5792868541033434
202208150610,2.575252507598784
202208150620,2.5712044072948324
202208150630,2.567145288753799
202208150640,2.563077811550152
202208150650,2.5590041033434647
202208150700,2.554926367781155
202208150710,2.550846428571428
202208150720,2.546765805471124
202208150730,2.5426857142857138
202208150740,2.5386072948328264
202208150750,2.534531306990881
202208150800,2.5304582066869297
202208150810,2.526360796324655
202208150820,2.5222631699846856
202208150830,2.5181687595712092
202208150840,2.514077335375191
202208150850,2.509988361408882
202208150900,2.505901148545176
202208150910,2.5018150842266462
202208150920,2.497729173047473
202208150930,2.493642419601837
202208150940,2.4895539050535986
202208150950,2.485462404287902
202208151000,2.4813668453292497
202208151010,2.477244984567901
202208151020,2.4731060185185183
202208151030,2.4689593364197533
202208151040,2.4648037808641976
202208151050,2.460638117283951
202208151100,2.4564613425925925
202208151110,2.452272222222222
202208151120,2.4480698302469137
202208151130,2.443853163580247
202208151140,2.4396212962962966
202208151150,2.4353734567901237
202208151200,2.4311087962962965
202208151210,2.4267919656786274
202208151220,2.422444773790952
202208151230,2.4180787831513264
202208151240,2.4136934477379097
202208151250,2.4092884555382215
202208151300,2.4048634945397818
202208151310,2.4004183307332294
202208151320,2.395952808112325
202208151330,2.391466848673947
202208151340,2.386960452418097
202208151350,2.382433619344774
202208151400,2.3778698899371067
202208151410,2.373266823899371
202208151420,2.3686436320754716
202208151430,2.36400070754717
202208151440,2.359338364779874
202208151450,2.354656996855346
202208151500,2.349956996855346
202208151510,2.3452388364779875
202208151520,2.3405029874213836
202208151530,2.3357500786163525
202208151540,2.3309805817610063
202208151550,2.3261648969889066
202208151600,2.3213259904912835
202208151610,2.316472266244057
202208151620,2.311604358161648
202208151630,2.3067229001584786
202208151640,2.3018286053882724
202208151650,2.2969221077654516
202208151700,2.292004278922345
202208151710,2.2870756735340727
202208151720,2.2821371632329632
202208151730,2.2771578525641027
202208151740,2.2721459935897435
202208151750,2.267126282051282
202208151800,2.262099439102564
202208151810,2.257066346153846
202208151820,2.252027644230769
202208151830,2.246984134615385
202208151840,2.241936618589744
202208151850,2.236885897435897
202208151900,2.231832612179487
202208151910,2.2267516155088853
202208151920,2.2216549273021
202208151930,2.216557915993538
202208151940,2.211461389337641
202208151950,2.206366155088853
202208152000,2.201272778675283
202208152010,2.1961819870759287
202208152020,2.191094426494346
202208152030,2.1860108239095317
202208152040,2.1809316639741523
202208152050,2.1758171288743884
202208152100,2.1706992659053834
202208152110,2.165587846655791
202208152120,2.1604832789559545
202208152130,2.1553862969004896
202208152140,2.150297471451876
202208152150,2.1452172104404568
202208152200,2.14014616639478
202208152210,2.1350849102773246
202208152220,2.130033768352366
202208152230,2.1249439044481058
202208152240,2.1198650741350904
202208152250,2.1147980230642505
202208152300,2.109743245469522
202208152310,2.1047012355848436
202208152320,2.0996724052718285
202208152330,2.0946571663920923
202208152340,2.089656013179572
202208152350,2.0846693574958817
202208160000,2.0796945091514143
202208160010,2.0746884359401
202208160020,2.069733277870216
202208160030,2.0648297004991685
202208160040,2.0599789517470883
202208160050,2.0551821131447587
202208160100,2.0504407653910146
202208160110,2.0457569051580697
202208160120,2.041132362728785
202208160130,2.0365685524126453
202208160140,2.032066638935108
202208160150,2.0276029411764704
202208160200,2.023181344537815
202208160210,2.018822184873949
202208160220,2.0145247058823523
202208160230,2.0102881512605038
202208160240,2.006111176470588
202208160250,2.001992521008403
202208160300,1.9979308403361344
202208160310,1.9939247899159662
202208160320,1.9899729411764704
202208160330,1.986074033613445
202208160340,1.982226806722689
202208160350,1.9784141765704581
202208160400,1.9746289473684209
202208160410,1.970892869269949
202208160420,1.967205348047538
202208160430,1.9635655348047538
202208160440,1.9599730899830219
202208160450,1.9564275891341254
202208160500,1.9529285229202034
202208160510,1.9494757215619694
202208160520,1.9460689303904921
202208160530,1.9427078947368421
202208160540,1.9393923599320881
202208160550,1.9361220713073004
202208160600,1.9328966893039048
202208160610,1.9297129502572898
202208160620,1.926543910806175
202208160630,1.9234188679245283
202208160640,1.9203370497427101
202208160650,1.9172979416809606
202208160700,1.9143005145797598
202208160710,1.911343910806175
202208160720,1.9084271869639793
202208160730,1.9055490566037736
202208160740,1.902708576329331
202208160750,1.8999043739279586
202208160800,1.8971353344768438
202208160810,1.89440025728988
202208160820,1.891697770154374
202208160830,1.8890268439108062
202208160840,1.8863861921097769
202208160850,1.8837747855917668
202208160900,1.8811915951972555
202208160910,1.8786214904679375
202208160920,1.8760655979202772
202208160930,1.8735357019064125
202208160940,1.871031109185442
202208160950,1.8685512998266898
202208161000,1.86609575389948
202208161010,1.8636642980935876
202208161020,1.8612566724436743
202208161030,1.8588727036395147
202208161040,1.856512478336222
202208161050,1.8541759965337954
202208161100,1.8518635181975736
202208161110,1.8495752166377817
202208161120,1.84731143847487
202208161130,1.845072616984402
202208161140,1.8428590987868283
202208161150,1.8406714038128251
202208161200,1.8385100519930675
202208161210,1.8363755632582321
202208161220,1.83426863084922
202208161230,1.8321897746967073
202208161240,1.8301397746967072
202208161250,1.828096052631579
202208161300,1.826081052631579
202208161310,1.8240971929824563
202208161320,1.8221452631578947
202208161330,1.8202257894736844
202208161340,1.818339649122807
202208161350,1.816487456140351
202208161400,1.8146699122807017
202208161410,1.8128877192982455
202208161420,1.8111415789473684
202208161430,1.8094321929824564
202208161440,1.8077602631578948
202208161450,1.8061264035087723
202208161500,1.8045313157894738
202208161510,1.8029756140350879
202208161520,1.801459912280702
202208161530,1.799985
202208161540,1.798551315789474
202208161550,1.7971594736842107
202208161600,1.7958100877192984
202208161610,1.7945036842105264
202208161620,1.7932408771929826
202208161630,1.7920221929824562
202208161640,1.7908479824561405
202208161650,1.7897187719298246
202208161700,1.7886351754385967
202208161710,1.7875973684210529
202208161720,1.7866058771929827
202208161730,1.785661052631579
202208161740,1.7847632456140352
202208161750,1.7839127192982458
202208161800,1.7831098245614037
202208161810,1.7823547368421055
202208161820,1.7816477192982458
202208161830,1.780988947368421
202208161840,1.7803785087719302
202208161850,1.7798149557522125
202208161900,1.779297079646018
202208161910,1.7788282300884957
202208161920,1.7784084955752215
202208161930,1.7780377876106197
202208161940,1.7777160176991154
202208161950,1.777443185840708
202208162000,1.777219115044248
202208162010,1.7770437168141593
202208162020,1.7769166371681417
202208162030,1.776837876106195
202208162040,1.7768070796460178
202208162050,1.77682389380531
202208162100,1.7768881415929205
202208162110,1.7769992920353983
202208162120,1.7771572566371683
202208162130,1.7773613274336284
202208162140,1.7776113274336285
202208162150,1.7779067256637169
202208162200,1.7782469911504428
202208162210,1.7786316814159293
202208162220,1.7790602654867258
202208162230,1.7795321238938056
202208162240,1.780046403508772
202208162250,1.7805984210526318
202208162300,1.7811916666666667
202208162310,1.7818254385964913
202208162320,1.782499298245614
202208162330,1.7832124561403508
202208162340,1.7839642105263158
202208162350,1.7847539473684213
202208170000,1.785580964912281
202208170010,1.7864445614035092
202208170020,1.7873813157894738
202208170030,1.788394912280702
202208170040,1.789486403508772
202208170050,1.7906548245614036
202208170100,1.7918989473684213
202208170110,1.7932172807017546
202208170120,1.7946082456140353
202208170130,1.7960704385964914
202208170140,1.7976020175438596
202208170150,1.7992013157894737
202208170200,1.800866403508772
202208170210,1.8025952631578948
202208170220,1.8043858771929828
202208170230,1.806236052631579
202208170240,1.8081436842105263
202208170250,1.810106403508772
202208170300,1.8121221929824562
202208170310,1.814188859649123
202208170320,1.816304561403509
202208170330,1.818467456140351
202208170340,1.8206757894736842
202208170350,1.8229282456140352
202208170400,1.8252232456140352
202208170410,1.8275598245614038
202208170420,1.8299367543859648
202208170430,1.8323246100519932
202208170440,1.834749740034662
202208170450,1.8372122183708839
202208170500,1.8397112651646448
202208170510,1.8422459272097054
202208170520,1.844815424610052
202208170530,1.8474189774696705
202208170540,1.8500555459272099
202208170550,1.8527240901213171
202208170600,1.8554235701906412
202208170610,1.8581526863084923
202208170620,1.8609102253032928
202208170630,1.8636947140381284
202208170640,1.8665048526863086
202208170650,1.869338994800693
202208170700,1.8721958405545926
202208170710,1.8750736568457538
202208170720,1.8779709705372616
202208170730,1.8808771869639793
202208170740,1.883778987993139
202208170750,1.8866957975986276
202208170800,1.8896264150943396
202208170810,1.892569554030875
202208170820,1.89552409948542
202208170830,1.8984891938250428
202208170840,1.901463807890223
202208170850,1.9044473413379073
202208170900,1.9074391080617497
202208170910,1.9104385934819896
202208170920,1.9134454545454544
202208170930,1.916459348198971
202208170940,1.9194801029159518
202208170950,1.922507804459691
202208171000,1.9255423670668954
202208171010,1.9285838765008576
202208171020,1.9316160441426145
202208171030,1.9346410865874362
202208171040,1.9376739388794564
202208171050,1.9407149405772495
202208171100,1.9437645161290322
202208171110,1.9468231748726654
202208171120,1.94989142614601
202208171130,1.9529697792869267
202208171140,1.95605882852292
202208171150,1.9591590831918504
202208171200,1.9622713073005091
202208171210,1.9653959252971136
202208171220,1.9685336162988114
202208171230,1.9716848896434633
202208171240,1.974850424448217
202208171250,1.9780306451612901
202208171300,1.9812138655462181
202208171310,1.9843929411764702
202208171320,1.987588151260504
202208171330,1.9907999999999997
202208171340,1.9940289075630249
202208171350,1.9972753781512604
202208171400,2.000539663865546
202208171410,2.0038221008403356
202208171420,2.0071231932773106
202208171430,2.010443025210084
202208171440,2.0137818487394954
202208171450,2.0171399159663865
202208171500,2.0205173949579827
202208171510,2.0239144537815124
202208171520,2.0273310924369747
202208171530,2.0307596505823624
202208171540,2.0341811148086517
202208171550,2.037622046589018
202208171600,2.041082362728785
202208171610,2.0445619800332775
202208171620,2.0480607321131448
202208171630,2.0515785357737104
202208171640,2.0551152246256237
202208171650,2.058670465890183
202208171700,2.0622440931780366
202208171710,2.065835773710482
202208171720,2.069445257903494
202208171730,2.0730722129783694
202208171740,2.07671622296173
202208171750,2.0803732289950574
202208171800,2.08401392092257
202208171810,2.0876703459637564
202208171820,2.0913420922570016
202208171830,2.095028665568369
202208171840,2.098729571663921
202208171850,2.1024444810543654
202208171900,2.1061727347611203
202208171910,2.1099138385502467
202208171920,2.113667298187809
202208171930,2.1174326194398683
202208171940,2.1212092257001647
202208171950,2.124996622734761
202208172000,2.128794151565074
202208172010,2.1325758564437196
202208172020,2.136354649265906
202208172030,2.140141924959217
202208172040,2.143937112561175
202208172050,2.1477394779771615
202208172100,2.1515486133768356
202208172110,2.1553638662316477
202208172120,2.1591846655791196
202208172130,2.163010522022839
202208172140,2.166840783034258
202208172150,2.170674959216966
202208172200,2.1745124796084827
202208172210,2.1783527732463295
202208172220,2.182173990306947
202208172230,2.1859809369951533
202208172240,2.18978901453958
202208172250,2.193597819063005
202208172300,2.1974066235864296
202208172310,2.2012151050080777
202208172320,2.2050226171243943
202208172330,2.208828836833603
202208172340,2.212633117932149
202208172350,2.216435056542811
202208180000,2.220234248788368
202208180010,2.224030129240711
202208180020,2.22771211631664
202208180030,2.2312580128205126
202208180040,2.2346604166666664
202208180050,2.237941105769231
202208180100,2.2411033653846153
202208180110,2.2441502403846156
202208180120,2.2470846955128208
202208180130,2.249909775641026
202208180140,2.2526283653846155
202208180150,2.2552438301282054
202208180200,2.2577596955128207
202208180210,2.2601796474358973
202208180220,2.262507612179487
202208180230,2.2647472756410254
202208180240,2.266902323717949
202208180250,2.2689760416666664
202208180300,2.270971314102564
202208180310,2.272890705128205
202208180320,2.2747363782051284
202208180330,2.2765100160256413
202208180340,2.2782130608974356
202208180350,2.2798467147435897
202208180400,2.281396275752773
202208180410,2.282877416798732
202208180420,2.2842927892234544
202208180430,2.285643185419968
202208180440,2.2869298732171153
202208180450,2.2881537242472265
202208180500,2.289316164817749
202208180510,2.2904186212361326
202208180520,2.291462440570523
202208180530,2.2924495245641836
202208180540,2.2933813787638666
202208180550,2.294260063391442
202208180600,2.295087321711569
202208180610,2.295865213946117
202208180620,2.2965954833597464
202208180630,2.2972801901743267
202208180640,2.2979210776545163
202208180650,2.298519809825674
202208180700,2.299078209191759
202208180710,2.2995975435816165
202208180720,2.3000792393026943
202208180730,2.300524564183835
202208180740,2.3009343898573693
202208180750,2.3013096671949285
202208180800,2.3016508716323294
202208180810,2.301958557844691
202208180820,2.3022328843106177
202208180830,2.302474009508716
202208180840,2.302681695721078
202208180850,2.3028557052297938
202208180900,2.3029955625990493
202208180910,2.303100633914421
202208180920,2.3031701267828844
202208180930,2.303203169572108
202208180940,2.3031987321711567
202208180950,2.3031556259904913
202208181000,2.303072583201268
202208181010,2.302948415213946
202208181020,2.302781616481775
202208181030,2.3025708399366085
202208181040,2.302314500792393
202208181050,2.3020112519809826
202208181100,2.301659508716323
202208181110,2.301257765451664
202208181120,2.3008045958795558
202208181130,2.300298415213946
202208181140,2.299737876386688
202208181150,2.2991215530903326
202208181200,2.2984480982567352
202208181210,2.297716323296355
202208181220,2.2969248811410456
202208181230,2.296072583201268
202208181240,2.295158557844691
202208181250,2.294181616481775
202208181300,2.29314088748019
202208181310,2.2920356576862124
202208181320,2.290864976228209
202208181330,2.289628446909667
202208181340,2.2883253565768618
202208181350,2.2869552297939775
202208181400,2.2855177496038035
202208181410,2.284012678288431
202208181420,2.2824396988906495
202208181430,2.2807988114104596
202208181440,2.2790798076923076
202208181450,2.277283173076923
202208181500,2.2754181089743586
202208181510,2.2734848557692304
202208181520,2.271483733974359
202208181530,2.2694150641025637
202208181540,2.2672794871794872
202208181550,2.265077483974359
202208181600,2.262809775641026
202208181610,2.2604768429487176
202208181620,2.2580796474358973
202208181630,2.255618830128205
202208181640,2.253095272435897
202208181650,2.250510016025641
202208181700,2.2478638621794875
202208181710,2.2451579326923077
202208181720,2.242393189102564
202208181730,2.239570753205128
202208181740,2.2366917467948717
202208181750,2.2337572916666666
202208181800,2.230768669871795
202208181810,2.2277086429725363
202208181820,2.224590226171244
202208181830,2.221420920840065
202208181840,2.2182018578352185
202208181850,2.2149344911147013
202208181900,2.211620113085622
202208181910,2.208259935379645
202208181920,2.2048554119547656
202208181930,2.2014077544426494
202208181940,2.1979183360258485
202208181950,2.194388529886915
202208182000,2.1908195476575125
202208182010,2.1872126817447497
202208182020,2.1835693053311793
202208182030,2.1798896411092987
202208182040,2.1761407014681895
202208182050,2.1723588091353996
202208182100,2.1685451060358893
202208182110,2.1647009787928226
202208182120,2.16082748776509
202208182130,2.156926101141925
202208182140,2.15299779771615
202208182150,2.1490438825448615
202208182200,2.1450654159869496
202208182210,2.141063703099511
202208182220,2.1370397226753672
202208182230,2.1329946982055468
202208182240,2.1289190280065897
202208182250,2.1247946457990112
202208182300,2.120652141680395
202208182310,2.1164926688632617
202208182320,2.112317133443163
202208182330,2.1081265238879734
202208182340,2.103921911037891
202208182350,2.099704036243822
202208190000,2.0954739703459637
202208190010,2.0912324546952226
202208190020,2.0869872322899505
202208190030,2.0827387149917627
202208190040,2.0784729617304496
202208190050,2.074179201331115
202208190100,2.069886023294509
202208190110,2.0655950083194674
202208190120,2.061307404326123
202208190130,2.0570244592346087
202208190140,2.0527473377703824
202208190150,2.048476955074875
202208190200,2.0442140599001664
202208190210,2.0399594841930115
202208190220,2.035713727121464
202208190230,2.0314773710482528
202208190240,2.027223109243697
202208190250,2.0229641176470587
202208190300,2.0187157142857144
202208190310,2.014478151260504
202208190320,2.010251512605042
202208190330,2.0060361344537814
202208190340,2.0018320168067225
202208190350,1.9976394117647056
202208190400,1.9934584033613443
202208190410,1.9892891596638653
202208190420,1.9851317647058822
202208190430,1.9809863025210084
202208190440,1.9768208828522917
202208190450,1.972657724957555
202208190500,1.968506960950764
202208190510,1.9643688455008488
202208190520,1.9602432937181662
202208190530,1.9561305602716468
202208190540,1.9520307300509336
202208190550,1.947943803056027
202208190600,1.9438699490662137
202208190610,1.939809168081494
202208190620,1.9357617147707977
202208190630,1.931727504244482
202208190640,1.9276830188679244
202208190650,1.9236342195540308
202208190700,1.9195990566037735
202208190710,1.915577358490566
202208190720,1.9115692967409947
202208190730,1.9075747855917666
202208190740,1.903593910806175
202208190750,1.8996265866209263
202208190800,1.8956728130360208
202208190810,1.8917325042881648
202208190820,1.8878057461406519
202208190830,1.8838924528301888
202208190840,1.8799924610051992
202208190850,1.8760655979202772
202208190900,1.872152253032929
202208190910,1.8682524263431544
202208190920,1.8643660311958405
202208190930,1.8604930675909879
202208190940,1.856633622183709
202208190950,1.8527876949740034
202208191000,1.8489551993067592
202208191010,1.8451362218370884
202208191020,1.8413308492201041
202208191030,1.837539081455806
202208191040,1.8337610051993067
202208191050,1.8299966666666667
202208191100,1.8262001754385966
202208191110,1.8224178070175439
202208191120,1.8186497368421053
202208191130,1.814896052631579
202208191140,1.8111569298245616
202208191150,1.807432456140351
202208191200,1.8037228947368424
202208191210,1.8000283333333333
202208191220,1.7963490350877196
202208191230,1.792685263157895
202208191240,1.7890371052631582
202208191250,1.7854048245614036
202208191300,1.7817886842105264
202208191310,1.7781728318584071
202208191320,1.7745578761061949
202208191330,1.77096
202208191340,1.7673792920353983
202208191350,1.7638161061946902
202208191400,1.7602707079646018
202208191410,1.7567433628318585
202208191420,1.753234424778761
202208191430,1.749743982300885
202208191440,1.7462724778761063
202208191450,1.7428201769911504
202208191500,1.7393872566371682
202208191510,1.73597407079646
202208191520,1.7325808849557522
202208191530,1.7291966786355473
202208191540,1.7257962298025133
202208191550,1.7224169658886892
202208191600,1.7190591561938957
202208191610,1.7157229802513463
202208191620,1.7124087971274684
202208191630,1.7091169658886893
202208191640,1.7058475763016157
202208191650,1.7026010771992817
202208191700,1.6993774685816876
202208191710,1.6961772890484739
202208191720,1.6930006283662475
202208191730,1.6898476660682227
202208191740,1.6867187612208256
202208191750,1.683614093357271
202208191800,1.6805338420107718
202208191810,1.6774553442028985
202208191820,1.6743971014492751
202208191830,1.6713641304347826
202208191840,1.6683565217391303
202208191850,1.6653745471014492
202208191900,1.662418206521739
202208191910,1.6594878623188405
202208191920,1.6565834239130435
202208191930,1.653705072463768
202208191940,1.6508529891304347
202208191950,1.6480272644927534
202208192000,1.6452278079710143
202208192010,1.6424548913043477
202208192020,1.6397084239130433
202208192030,1.6369884963768113
202208192040,1.634295199275362
202208192050,1.6316284420289853
202208192100,1.6289753211009173
202208192110,1.6263281651376147
202208192120,1.623707981651376
202208192130,1.6211145871559631
202208192140,1.6185480733944952
202208192150,1.616008256880734
202208192200,1.6134951376146787
202208192210,1.6110086238532109
202208192220,1.6085487155963303
202208192230,1.606115137614679
202208192240,1.603707981651376
202208192250,1.601326880733945
202208192300,1.5989719266055047
202208192310,1.5966428440366973
202208192320,1.594339541284404
202208192330,1.5920619266055045
202208192340,1.5898097247706424
202208192350,1.5875827522935781
202208200000,1.5853809174311928
202208200010,1.5832040366972477
202208200020,1.5811289908256883
202208200030,1.5791627323420074
202208200040,1.5773184944237921
202208200050,1.5756210037174723
202208200100,1.57407592936803
202208200110,1.572686059479554
202208200120,1.5714520446096656
202208200130,1.5703726765799257
202208200140,1.5694460037174724
202208200150,1.5686692379182157
202208200200,1.5680390334572494
202208200210,1.5675520446096656
202208200220,1.567204553903346
202208200230,1.56699312267658
202208200240,1.5669138475836435
202208200250,1.5669629182156137
202208200300,1.567136338289963
202208200310,1.5674301115241638
202208200320,1.5678403345724907
202208200330,1.5683628252788104
202208200340,1.5689936802973978
202208200350,1.5697292750929368
202208200400,1.5705658921933088
202208200410,1.5715004646840152
202208200420,1.5725301115241639
202208200430,1.5736525092936806
202208200440,1.5748657063197027
202208200450,1.5761682156133832
202208200500,1.5775590148698888
202208200510,1.5790375464684017
202208200520,1.5805956880733947
202208200530,1.58222752293578
202208200540,1.5839452293577982
202208200550,1.585748532110092
202208200600,1.587637155963303
202208200610,1.5896100000000002
202208200620,1.5916659633027523
202208200630,1.5938032110091744
202208200640,1.596018990825688
202208200650,1.5983103669724772
202208200700,1.6006735779816514
202208200710,1.6031041284403669
202208200720,1.605597339449541
202208200730,1.608147981651376
202208200740,1.6107506422018347
202208200750,1.613399724770642
202208200800,1.6160899082568807
202208200810,1.6188158715596328
202208200820,1.6215727522935777
202208200830,1.6243560550458713
202208200840,1.627161743119266
202208200850,1.6299864220183484
202208200900,1.6327913949275359
202208200910,1.6356100543478258
202208200920,1.6384409420289854
202208200930,1.6412830615942027
202208200940,1.6441359601449275
202208200950,1.6469995471014491
202208201000,1.6498744565217391
202208201010,1.6527613224637678
202208201020,1.655661503623188
202208201030,1.6585764492753623
202208201040,1.6615077898550723
202208201050,1.6644575181159418
202208201100,1.667427626811594
202208201110,1.6704202898550724
202208201120,1.6734377717391302
202208201130,1.6764823369565216
202208201140,1.6795565217391304
202208201150,1.682638779174147
202208201200,1.6857510771992816
202208201210,1.6888998204667862
202208201220,1.6920876122082584
202208201230,1.6953166965888689
202208201240,1.6985896768402153
202208201250,1.7019087971274685
202208201300,1.705276660682226
202208201310,1.7086955116696587
202208201320,1.7121678635547575
202208201330,1.7156961400359063
202208201340,1.71928276481149
202208201350,1.7229299820466786
202208201400,1.7266402154398564
202208201410,1.7304099999999998
202208201420,1.7341988495575222
202208201430,1.7380566371681414
202208201440,1.7419854867256637
202208201450,1.7459876991150443
202208201500,1.750065132743363
202208201510,1.7542199115044248
202208201520,1.758453982300885
202208201530,1.762769203539823
202208201540,1.7671672566371681
202208201550,1.7716499115044249
202208201600,1.7762186725663718
202208201610,1.7808672807017545
202208201620,1.7855709649122808
202208201630,1.7903641228070177
202208201640,1.795247719298246
202208201650,1.8002229824561407
202208201700,1.8052907894736843
202208201710,1.8104518421052633
202208201720,1.8157068421052633
202208201730,1.8210564912280702
202208201740,1.8265010526315792
202208201750,1.8320162911611784
202208201800,1.837583535528596
202208201810,1.8432453206239168
202208201820,1.8490018197573659
202208201830,1.8548527729636048
202208201840,1.8607980935875217
202208201850,1.866837521663778
202208201900,1.8729707105719238
202208201910,1.8791971403812824
202208201920,1.8854596054888508
202208201930,1.8918050600343053
202208201940,1.8982409948542023
202208201950,1.9047667238421957
202208202000,1.9113814751286449
202208202010,1.9180843053173242
202208202020,1.9248741852487135
202208202030,1.9317324278438028
202208202040,1.9386225806451611
202208202050,1.94559584040747
202208202100,1.952650933786078
202208202110,1.959786842105263
202208202120,1.9670021222410863
202208202130,1.9742956706281831
202208202140,1.9816491596638655
202208202150,1.9890197478991594
202208202200,1.9964636974789913
202208202210,2.003979495798319
202208202220,2.0115656302521003
202208202230,2.0192206722689074
202208202240,2.026943025210084
202208202250,2.034684026622296
202208202300,2.0424580698835273
202208202310,2.0502940931780365
202208202320,2.058190515806988
202208202330,2.066145673876872
202208202340,2.074157903494177
202208202350,2.082203624382208
202208210000,2.090244645799012
202208210010,2.0983371499176275
202208210020,2.106305436573311
202208210030,2.1141264415156504
202208210040,2.12179802306425
202208210050,2.1293242174629325
202208210100,2.1366437194127244
202208210110,2.1438214518760197
202208210120,2.1508690048939645
202208210130,2.1577913539967373
202208210140,2.1645940456769983
202208210150,2.171282707993475
202208210200,2.177863050570963
202208210210,2.184298788368336
202208210220,2.19061760904685
202208210230,2.196844830371567
202208210240,2.2029845718901457
202208210250,2.209039822294023
202208210300,2.2150130048465266
202208210310,2.2209054119547655
202208210320,2.226718012924071
202208210330,2.232431330128205
202208210340,2.238039342948718
202208210350,2.243568108974359
202208210400,2.249017548076923
202208210410,2.2543875
202208210420,2.2596781249999998
202208210430,2.2648896634615383
202208210440,2.270022676282051
202208210450,2.275078044871795
202208210500,2.280056259904913
202208210510,2.284905388272583
202208210520,2.2896813787638663
202208210530,2.2943858954041203
202208210540,2.299020443740095
202208210550,2.3035866877971474
202208210600,2.3080862123613315
202208210610,2.312520602218701
202208210620,2.3168912836767035
202208210630,2.3211996830427895
202208210640,2.325446830427892
202208210650,2.329633914421553
202208210700,2.3337320754716986
202208210710,2.337768946540881
202208210720,2.3417477987421385
202208210730,2.345668632075472
202208210740,2.349531210691824
202208210750,2.353335062893082
202208210800,2.357079323899371
202208210810,2.3607629716981133
202208210820,2.364384591194969
202208210830,2.3679426886792454
202208210840,2.371435220125786
202208210850,2.374860220125786
202208210900,2.378215330188679
202208210910,2.3814863494539784
202208210920,2.38466887675507
202208210930,2.387774180967239
202208210940,2.3907991419656787
202208210950,2.3937408736349455
202208211000,2.396596255850234
202208211010,2.399362168486739
202208211020,2.4020354134165367
202208211030,2.404612870514821
202208211040,2.407091419656786
202208211050,2.409468018720749
202208211100,2.4117397035881436
202208211110,2.413903510140406
202208211120,2.415956786271451
202208211130,2.4178968018720752
202208211140,2.419721060842434
202208211150,2.4214272230889238
202208211200,2.4230131045241814
202208211210,2.424476755070203
202208211220,2.4258162246489863
202208211230,2.427030031201248
202208211240,2.4281165366614665
202208211250,2.4290747269890796
202208211300,2.4299033541341655
202208211310,2.4305952160493827
202208211320,2.431156481481482
202208211330,2.4315878086419755
202208211340,2.431888888888889
202208211350,2.432059722222222
202208211400,2.4321003858024692
202208211410,2.4320112654320987
202208211420,2.431792901234568
202208211430,2.431445910493827
202208211440,2.430971064814815
202208211450,2.4303695216049386
202208211500,2.4296383775351016
202208211510,2.4287776131045247
202208211520,2.4277925117004684
202208211530,2.426684789391576
202208211540,2.4254561622464905
202208211550,2.4241083463338535
202208211600,2.42264329173167
202208211610,2.421063104524181
202208211620,2.4193697347893917
202208211630,2.417565600624025
202208211640,2.4156527301092043
202208211650,2.4136335413416536
202208211700,2.4115104524180966
202208211710,2.409285881435258
202208211720,2.4069622464898597
202208211730,2.4045421216848677
202208211740,2.4020279251170047
202208211750,2.399422386895476
202208211800,2.3967278471138846
202208211810,2.3939471138845554
202208211820,2.391082605304212
202208211830,2.388136895475819
202208211840,2.3851127145085806
202208211850,2.3820124024961
202208211900,2.3788295597484277
202208211910,2.3755592767295597
202208211920,2.372220047169811
202208211930,2.3688143081761006
202208211940,2.3653444182389936
202208211950,2.361812971698113
202208212000,2.3582222484276727
202208212010,2.3545746069182387
202208212020,2.3508723270440255
202208212030,2.347117688679245
202208212040,2.3433130503144657
202208212050,2.3394603773584906
202208212100,2.335561949685535
202208212110,2.3316198113207545
202208212120,2.3276172741679875
202208212130,2.323561965134707
202208212140,2.31946854199683
202208212150,2.3153390649762278
202208212200,2.3111753565768622
202208212210,2.306979160063391
202208212220,2.302752297939778
202208212230,2.298496513470681
202208212240,2.294213470681458
202208212250,2.2899048335974643
202208212300,2.2855720285261487
202208212310,2.2812167987321708
202208212320,2.276805048076923
202208212330,2.2723598557692304
202208212340,2.267896314102564
202208212350,2.263415705128205
202208220000,2.2589194711538463
202208220010,2.254408814102564
202208220020,2.24989391025641
202208220030,2.245376762820513
202208220040,2.2408585737179485
202208220050,2.2363403044871797
202208220100,2.2318228365384614
202208220110,2.227285460420032
202208220120,2.222735945072698
202208220130,2.218189903069467
202208220140,2.2136482229402263
202208220150,2.20911155088853
202208220200,2.204580452342488
202208220210,2.2000555735056544
202208220220,2.1955373990306946
202208220230,2.191026413570275
202208220240,2.1865229402261717
202208220250,2.1820275444264947
202208220300,2.1775163947797718
202208220310,2.1729943719412725
202208220320,2.1684815660685155
202208220330,2.163978466557912
202208220340,2.159485562805873
202208220350,2.1550032626427407
202208220400,2.1505321370309955
202208220410,2.1460725938009793
202208220420,2.1416251223491027
202208220430,2.137190293637847
202208220440,2.1327685970636217
202208220450,2.12834431630972
202208220500,2.1239068369028007
202208220510,2.1194841021416804
202208220520,2.1150765238879736
202208220530,2.110684431630972
202208220540,2.106308319604613
202208220550,2.1019484349258653
202208220600,2.0976051070840196
202208220610,2.093278665568369
202208220620,2.088969192751236
202208220630,2.084677018121911
202208220640,2.080402224052718
202208220650,2.076106489184692
202208220700,2.071824542429285
202208220710,2.0675604825291183
202208220720,2.063314475873544
202208220730,2.0590863560732116
202208220740,2.0548763727121466
202208220750,2.0506843594009982
202208220800,2.046510482529118
202208220810,2.0423546589018304
202208220820,2.03821697171381
202208220830,2.0340975041597336
202208220840,2.0299960504201677
202208220850,2.025871764705882
202208220900,2.021765882352941
202208220910,2.017678571428571
202208220920,2.0136097478991593
202208220930,2.0095595798319326
202208220940,2.005528151260504
202208220950,2.0015156302521007
202208221000,1.9975220168067225
202208221010,1.99354756302521
202208221020,1.9895922689075627
202208221030,1.9856563865546215
202208221040,1.9817399999999998
202208221050,1.977821307300509
202208221100,1.9739050084889642
202208221110,1.9700089134125636
202208221120,1.9661332767402373
202208221130,1.9622782682512732
202208221140,1.9584439728353138
202208221150,1.9546307300509336
202208221200,1.9508387096774191
202208221210,1.9470679966044142
202208221220,1.9433190152801358
202208221230,1.9395916808149403
202208221240,1.9358864176570456
202208221250,1.9322033955857383
202208221300,1.9285277873070326
202208221310,1.9248523156089192
202208221320,1.9211998284734135
202208221330,1.9175706689536878
202208221340,1.913964922813036
202208221350,1.9103828473413378
202208221400,1.9068245283018868
202208221410,1.9032903087478559
202208221420,1.8997803602058319
202208221430,1.8962946826758147
202208221440,1.8928337049742712
202208221450,1.8893974271012006
202208221500,1.8859861063464836
202208221510,1.8825998284734133
202208221520,1.8792309358752166
202208221530,1.8758607452339688
202208221540,1.8725162911611783
202208221550,1.8691978336221837
202208221600,1.8659055459272096
202208221610,1.862639514731369
202208221620,1.859399740034662
202208221630,1.856186568457539
202208221640,1.8529999133448873
202208221650,1.849840034662045
202208221700,1.8467068457538993
202208221710,1.8436006065857886
202208221720,1.8405212305025995
202208221730,1.837468890814558
202208221740,1.8344436741767765
202208221750,1.8314454939341422
202208221800,1.828455701754386
202208221810,1.8254756140350878
202208221820,1.8225230701754387
202208221830,1.8195980701754386
202208221840,1.8167005263157896
202208221850,1.8138304385964914
202208221900,1.810987807017544
202208221910,1.8081726315789475
202208221920,1.8053848245614037
202208221930,1.8026242982456142
202208221940,1.799891052631579
202208221950,1.7971849122807018
202208222000,1.7945058771929825
202208222010,1.7918537719298249
202208222020,1.7892285964912282
202208222030,1.7866300877192984
202208222040,1.7840582456140353
202208222050,1.7815128947368422
202208222100,1.7789850442477877
202208222110,1.7764701769911506
202208222120,1.773981504424779
202208222130,1.7715190265486727
202208222140,1.7690824778761063
202208222150,1.7666716814159293
202208222200,1.764286371681416
202208222210,1.7619265486725666
202208222220,1.7595917699115045
202208222230,1.7572820353982301
202208222240,1.7549969911504426
202208222250,1.7527365486725663
202208222300,1.750500442477876
202208222310,1.7482883185840707
202208222320,1.7461001769911504
202208222330,1.7439355752212389
202208222340,1.741794424778761
202208222350,1.7396764601769912
202208230000,1.7375814159292036
202208230010,1.7355090265486723
202208230020,1.7335330973451326
202208230030,1.7316630973451328
202208230040,1.729900807899461
202208230050,1.7282248653500896
202208230100,1.7266580789946138
202208230110,1.7251988330341113
202208230120,1.7238452423698383
202208230130,1.7225953321364451
202208230140,1.7214468581687612
202208230150,1.7203971274685816
202208230200,1.7194435368043086
202208230210,1.7185829443447036
202208230220,1.7178121184919208
202208230230,1.7171278276481148
202208230240,1.716526660682226
202208230250,1.7160051166965888
202208230300,1.7155599640933572
202208230310,1.7151880610412924
202208230320,1.7148864452423698
202208230330,1.7146524236983842
202208230340,1.714483842010772
202208230350,1.714378635547576
202208230400,1.714335278276481
202208230410,1.7143526032315977
202208230420,1.7144295332136443
202208230430,1.7145654398563732
202208230440,1.7147598743267503
202208230450,1.7150124775583482
202208230500,1.7153229802513466
202208230510,1.7156910233393177
202208230520,1.7161163375224415
202208230530,1.716598473967684
202208230540,1.71713671454219
202208230550,1.7177302513464991
202208230600,1.7183780071813284
202208230610,1.7190786355475762
202208230620,1.7198307899461398
202208230630,1.7206325852782764
202208230640,1.7214821364452422
202208230650,1.7223775583482943
202208230700,1.7233165170556553
202208230710,1.7242969479353678
202208230720,1.7253166965888687
202208230730,1.7263735188509872
202208230740,1.7274655296229802
202208230750,1.7285907540394971
202208230800,1.729747396768402
202208230810,1.7309207079646018
202208230820,1.7321186725663718
202208230830,1.7333435398230088
202208230840,1.7345945132743361
202208230850,1.735870796460177
202208230900,1.737171946902655
202208230910,1.7384975221238939
202208230920,1.7398474336283185
202208230930,1.7412216814159291
202208230940,1.7426204424778762
202208230950,1.7440438938053096
202208231000,1.745492477876106
202208231010,1.7469666371681416
202208231020,1.7484670796460176
202208231030,1.7499942477876107
202208231040,1.7515489380530973
202208231050,1.75313203539823
202208231100,1.7547441592920354
202208231110,1.7563861946902657
202208231120,1.7580591150442477
202208231130,1.759763628318584
202208231140,1.7615008849557523
202208231150,1.7632716814159293
202208231200,1.7650769026548674
202208231210,1.7669176991150444
202208231220,1.7687948672566371
202208231230,1.7707094690265488
202208231240,1.7726623893805311
202208231250,1.7746546017699116
202208231300,1.7766869911504426
202208231310,1.7787606194690269
202208231320,1.78086850877193
202208231330,1.7830079824561407
202208231340,1.7851908771929828
202208231350,1.787417807017544
202208231400,1.7896895614035089
202208231410,1.7920068421052633
202208231420,1.7943701754385966
202208231430,1.796780263157895
202208231440,1.7992375438596493
202208231450,1.801742456140351
202208231500,1.8042953508771933
202208231510,1.8068965789473685
202208231520,1.8095463157894738
202208231530,1.812244649122807
202208231540,1.8149916666666668
202208231550,1.8177873684210526
202208231600,1.8206315789473684
202208231610,1.823524210526316
202208231620,1.826464912280702
202208231630,1.8294534210526316
202208231640,1.832459012131716
202208231650,1.8355041594454073
202208231700,1.838595060658579
202208231710,1.8417309358752165
202208231720,1.8449110918544196
202208231730,1.848134835355286
202208231740,1.8514012998266898
202208231750,1.8547095320623919
202208231800,1.8580586655112652
202208231810,1.8614476603119583
202208231820,1.8648754766031197
202208231830,1.8683409878682842
202208231840,1.8718430675909878
202208231850,1.8753806759098788
202208231900,1.8789525129982667
202208231910,1.8825311320754716
202208231920,1.886130445969125
202208231930,1.8897600343053174
202208231940,1.8934186963979418
202208231950,1.8971050600343051
202208232000,1.900817924528302
202208232010,1.9045560891938251
202208232020,1.9083180960548884
202208232030,1.9121029159519725
202208232040,1.9159090909090908
202208232050,1.919735420240137
202208232100,1.923580703259005
202208232110,1.927443653516295
202208232120,1.9313095925297112
202208232130,1.9351645161290323
202208232140,1.9390334465195245
202208232150,1.9429151103565363
202208232200,1.9468083191850591
202208232210,1.9507120543293714
202208232220,1.9546252122241083
202208232230,1.958546519524618
202208232240,1.962475127334465
202208232250,1.9664099320882849
202208232300,1.9703498302207128
202208232310,1.9742939728353137
202208232320,1.9782412563667229
202208232330,1.9821686554621847
202208232340,1.986079663865546
202208232350,1.9899910084033612
202208240000,1.9939019327731091
202208240010,1.9978115126050418
202208240020,2.0017508403361344
202208240030,2.0057233613445375
202208240040,2.0097289915966385
202208240050,2.013766470588235
202208240100,2.0178341176470584
202208240110,2.0219303361344534
202208240120,2.026053277310924
202208240130,2.0301990848585687
202208240140,2.0343281198003327
202208240150,2.0384777038269553
202208240200,2.042645757071547
202208240210,2.0468301996672214
202208240220,2.0510288685524127
202208240230,2.055240016638935
202208240240,2.059461813643927
202208240250,2.063692678868552
202208240300,2.067931114808652
202208240310,2.0721759567387688
202208240320,2.07642612312812
202208240330,2.0806740527182868
202208240340,2.084890115321252
202208240350,2.089108978583196
202208240400,2.09332981878089
202208240410,2.097551812191104
202208240420,2.1017742174629324
202208240430,2.105995963756178
202208240440,2.110216144975288
202208240450,2.114433607907743
202208240500,2.1186472817133444
202208240510,2.1228558484349254
202208240520,2.127057990115321
202208240530,2.1312402936378465
202208240540,2.1353849918433934
202208240550,2.139519575856444
202208240600,2.1436429037520393
202208240610,2.14775383360522
202208240620,2.151851386623165
202208240630,2.155934502446982
202208240640,2.1600024469820553
202208240650,2.1640544861337685
202208240700,2.1680899673735725
202208240710,2.1721084013050573
202208240720,2.1761093800978797
202208240730,2.180091680129241
202208240740,2.1840184168012926
202208240750,2.1879272213247174
202208240800,2.1918180936995153
202208240810,2.195690953150242
202208240820,2.1995458804523427
202208240830,2.2033831179321486
202208240840,2.2072027463651054
202208240850,2.2110050080775445
202208240900,2.2147901453958
202208240910,2.2185586429725364
202208240920,2.222310662358643
202208240930,2.226046607431341
202208240940,2.2297669628432955
202208240950,2.233444310897436
202208241000,2.2371052083333334
202208241010,2.240751923076923
202208241020,2.2443850160256407
202208241030,2.248004967948718
202208241040,2.2516123397435894
202208241050,2.255207612179487
202208241100,2.258791346153846
202208241110,2.262364102564103
202208241120,2.2659265224358975
202208241130,2.2694790064102563
202208241140,2.2730222756410257
202208241150,2.2765568108974357
202208241200,2.2800822503961964
202208241210,2.2835620443740092
202208241220,2.2870347860538827
202208241230,2.2905011093502377
202208241240,2.2939614896988907
202208241250,2.2974164817749605
202208241300,2.3008665610142627
202208241310,2.304312123613312
202208241320,2.3077538034865293
202208241330,2.311191917591125
202208241340,2.314626941362916
202208241350,2.3180592709984156
202208241400,2.321489302694136
202208241410,2.324917432646593
202208241420,2.3283439778129953
202208241430,2.33175534591195
202208241440,2.3351528301886795
202208241450,2.3385496855345913
202208241500,2.341946147798742
202208241510,2.3453425314465406
202208241520,2.348739072327044
202208241530,2.3521360062893084
202208241540,2.35553356918239
202208241550,2.358931918238994
202208241600,2.3623311320754716
202208241610,2.3657316037735847
202208241620,2.369133254716981
202208241630,2.372536399371069
202208241640,2.375941037735849
202208241650,2.379347327044025
202208241700,2.382733853354134
202208241710,2.3861171606864273
202208241720,2.3895022620904838
202208241730,2.3928893135725433
202208241740,2.3962783931357254
202208241750,2.399669422776911
202208241800,2.40306248049922
202208241810,2.4064576443057724
202208241820,2.409854836193448
202208241830,2.4132540561622466
202208241840,2.4166553822152887
202208241850,2.420058658346334
202208241900,2.4234640405616226
202208241910,2.4268712948517943
202208241920,2.4302775462962964
202208241930,2.433651851851852
202208241940,2.437027932098766
202208241950,2.440405864197531
202208242000,2.4437854938271606
202208242010,2.4471668209876545
202208242020,2.4505497685185187
202208242030,2.4539341820987657
202208242040,2.457320138888889
202208242050,2.4607074074074076
202208242100,2.464096064814815
202208242110,2.4674859567901235
202208242120,2.4708770061728393
202208242130,2.4742690586419753
202208242140,2.4776621913580246
202208242150,2.4810480857580397
202208242200,2.4844169218989283
202208242210,2.4877865237366
202208242220,2.4911567381316995
202208242230,2.494527488514548
202208242240,2.497898774885145
202208242250,2.5012704441041342
202208242300,2.504642496171516
202208242310,2.508014777947932
202208242320,2.511387289433384
202208242330,2.5147598009188354
202208242340,2.5181323124042874
202208242350,2.5215047473200607
202208250000,2.5248770290964773
202208250010,2.5282489280245017
202208250020,2.5314527355623095
202208250030,2.534470364741641
202208250040,2.5373162613981757
202208250050,2.539994832826747
202208250100,2.542510410334346
202208250110,2.544867781155015
202208250120,2.5470724924012154
202208250130,2.5491310790273554
202208250140,2.5510506079027353
202208250150,2.552838601823708
202208250200,2.554502887537994
202208250210,2.5560509118541033
202208250220,2.5574898176291794
202208250230,2.558825683890577
202208250240,2.56006367781155
202208250250,2.561208130699088
202208250300,2.562262158054711
202208250310,2.5632284194528876
202208250320,2.5641085866261397
202208250330,2.564904255319149
202208250340,2.565616565349544
202208250350,2.566246580547112
202208250400,2.5667955167173253
202208250410,2.567264741641337
202208250420,2.567655547112462
202208250430,2.5679697568389055
202208250440,2.568209194528875
202208250450,2.568375987841945
202208250500,2.5684721884498476
202208250510,2.568500303951368
202208250520,2.5684625379939208
202208250530,2.5683614741641336
202208250540,2.568199316109422
202208250550,2.567978495440729
202208250600,2.5677012158054713
202208250610,2.5673695288753797
202208250620,2.5669854103343464
202208250630,2.5665504559270516
202208250640,2.5660663373860184
202208250650,2.5655342705167175
202208250700,2.564955319148936
202208250710,2.564330395136778
202208250720,2.5636599544072944
202208250730,2.562944376899696
202208250740,2.5621838145896656
202208250750,2.5613781155015194
202208250800,2.5605268996960486
202208250810,2.5596296352583585
202208250820,2.55868556231003
202208250830,2.557693844984802
202208250840,2.5566534194528874
202208250850,2.5555630699088145
202208250900,2.5544216565349545
202208250910,2.55322773556231
202208250920,2.551980015197568
202208250930,2.550677127659574
202208250940,2.5493175531914893
202208250950,2.5479
202208251000,2.5464230243161095
202208251010,2.5448854863221877
202208251020,2.543286018237082
202208251030,2.5416236322188444
202208251040,2.5398971884498476
202208251050,2.5381057750759872
202208251100,2.536248632218845
202208251110,2.5343250759878413
202208251120,2.5323345744680847
202208251130,2.5302766717325222
202208251140,2.5281369831546705
202208251150,2.525926799387442
202208251200,2.523648392036753
202208251210,2.521301761102603
202208251220,2.518887289433384
202208251230,2.5164052833078094
202208251240,2.5138562787136287
202208251250,2.511240888208269
202208251300,2.508559954058193
202208251310,2.5058142419601834
202208251320,2.5030048238897393
202208251330,2.500132618683001
202208251340,2.4971988514548236
202208251350,2.494204747320061
202208251400,2.4911516079632463
202208251410,2.4880408116385913
202208251420,2.4848738131699846
202208251430,2.4816519908116383
202208251440,2.4783645061728397
202208251450,2.4750123456790125
202208251500,2.4716097993827164
202208251510,2.4681585648148148
202208251520,2.464660416666667
202208251530,2.461117052469136
202208251540,2.4575302469135805
202208251550,2.4539017746913583
202208251600,2.4502334104938273
202208251610,2.4465270061728397
202208251620,2.442784336419753
202208251630,2.4390071759259264
202208251640,2.4351974537037036
202208251650,2.4313568672839505
202208251700,2.4274597503900157
202208251710,2.423520358814353
202208251720,2.4195552262090487
202208251730,2.415566068642746
202208251740,2.411554836193448
202208251750,2.407523088923557
202208251800,2.4034726989079562
202208251810,2.3994053822152885
202208251820,2.3953226989079566
202208251830,2.3912264430577226
202208251840,2.387118174726989
202208251850,2.3829996099843993
202208251900,2.3788633647798743
202208251910,2.3746963050314465
202208251920,2.370523506289308
202208251930,2.366346540880503
202208251940,2.3621669025157233
202208251950,2.357986006289308
202208252000,2.3538052672955976
202208252010,2.3496261006289307
202208252020,2.345449921383648
202208252030,2.3412779874213836
202208252040,2.337111556603774
202208252050,2.3329520440251574
202208252100,2.3287910459587957
202208252110,2.324616006339144
202208252120,2.3204515055467514
202208252130,2.316298652931854
202208252140,2.3121586370839937
202208252150,2.3080324088748014
202208252200,2.3039210776545165
202208252210,2.2998256735340727
202208252220,2.2957471473851028
202208252230,2.291686450079239
202208252240,2.287644532488114
202208252250,2.283622187004754
202208252300,2.2796161057692306
202208252310,2.2755908653846153
202208252320,2.2715879006410256
202208252330,2.267608092948718
202208252340,2.263652003205128
202208252350,2.2597204326923075
202208260000,2.2558140224358976
